2 0.96728515625 0.9521484375 0.0419921875 0.048828125
6 0.51123046875 0.85986328125 0.4580078125 0.6826171875
11 0.56591796875 0.55078125 0.2607421875 0.13671875
2 0.591796875 0.849609375 0.044921875 0.046875
9 0.830078125 0.7578125 0.248046875 0.697265625
1 0.51123046875 0.85986328125 0.4580078125 0.6826171875
9 0.80419921875 0.7578125 0.2314453125 0.640625
7 0.56591796875 0.55078125 0.2607421875 0.13671875
13 0.52197265625 0.9208984375 0.3876953125 0.56640625
11 0.57177734375 0.56982421875 0.2919921875 0.1689453125
11 0.580078125 0.56787109375 0.271484375 0.2021484375
13 0.51123046875 0.85986328125 0.4580078125 0.6826171875