0 0.9970703125 0.5478515625 0.22265625 0.1796875
4 0.5224609375 0.87841796875 0.353515625 0.2705078125
11 0.56787109375 0.33544921875 0.4091796875 0.1552734375
6 0.3515625 0.93359375 0.419921875 0.6796875
11 0.5029296875 0.32763671875 0.3125 0.1044921875
13 0.3515625 0.93359375 0.419921875 0.6796875
6 0.4462890625 0.87109375 0.55078125 0.826171875
7 0.43603515625 0.8798828125 0.4794921875 0.275390625
7 0.5029296875 0.32763671875 0.3125 0.1044921875
4 0.43603515625 0.8798828125 0.4794921875 0.275390625
13 0.4462890625 0.87109375 0.55078125 0.826171875